  0.10000000000000002        59.440542044774674     
  0.11958131745004022        41.566502268595279     
  0.14299691483087290        29.072516127743548     
  0.17099759466766973        20.398725488225768     
  0.20448117651147912        14.334458918566364     
  0.24452128480976887        10.017425017419464     
  0.29240177382128663        7.0200119551406583     
  0.34965789338278125        4.8881304783241450     
  0.41812551547518673        3.4347135460091165     
  0.49999999999999994        2.3934666202281671     
